81 0 0 81 0 0 0 
0 0 0 0 0 0 0 
0 0 0 0 0 0 0 
0 0 0 0 0 0 0 
0 0 0 0 0 0 0 
0 0 0 0 0 0 0 
0 0 0 0 0 0 0 
sum of row № 0 = 162 
sum of column № 0 = 81 

81 0 87 81 0 0 87 
0 0 0 0 0 0 0 
0 0 0 0 0 0 0 
0 0 0 0 0 0 0 
0 0 0 0 0 0 0 
0 0 0 0 0 0 0 
0 0 0 0 0 0 0 
sum of row № 0 = 336 
sum of column № 6 = 87 

81 0 87 81 0 0 87 
87 0 0 0 0 87 0 
0 0 0 0 0 0 0 
0 0 0 0 0 0 0 
0 0 0 0 0 0 0 
0 0 0 0 0 0 0 
0 0 0 0 0 0 0 
sum of row № 1 = 174 
sum of column № 5 = 87 

81 0 87 81 0 0 87 
87 0 0 0 0 87 0 
0 0 87 0 87 0 0 
0 0 0 0 0 0 0 
0 0 0 0 0 0 0 
0 0 0 0 0 0 0 
0 0 0 0 0 0 0 
sum of row № 2 = 174 
sum of column № 4 = 87 

81 0 87 81 0 0 87 
87 0 0 0 0 87 0 
0 0 87 0 87 0 0 
0 0 0 87 0 87 0 
0 0 0 0 0 0 0 
0 0 0 0 0 0 0 
0 0 0 0 0 0 0 
sum of row № 3 = 174 
sum of column № 3 = 168 

81 0 87 81 0 0 87 
87 0 0 0 0 87 0 
0 0 87 0 87 0 0 
0 0 0 87 0 87 0 
0 0 87 0 0 87 0 
0 0 0 0 0 0 0 
0 0 0 0 0 0 0 
sum of row № 4 = 174 
sum of column № 2 = 261 

81 0 87 81 0 0 87 
87 0 0 0 0 87 0 
0 0 87 0 87 0 0 
0 0 0 87 0 87 0 
0 0 87 0 0 87 0 
0 87 0 0 87 0 0 
0 0 0 0 0 0 0 
sum of row № 5 = 174 
sum of column № 1 = 87 

81 0 87 81 0 0 87 
87 0 0 0 0 87 0 
0 0 87 0 87 0 0 
0 0 0 87 0 87 0 
0 0 87 0 0 87 0 
0 87 0 0 87 0 0 
87 87 0 0 0 0 0 
sum of row № 6 = 174 
sum of column № 0 = 255 

81 0 86 81 0 86 87 
87 0 0 0 0 87 0 
0 0 87 0 87 0 0 
0 0 0 87 0 87 0 
0 0 87 0 0 87 0 
0 87 0 0 87 0 0 
87 87 0 0 0 0 0 
sum of row № 0 = 421 
sum of column № 5 = 347 

81 0 86 81 0 86 87 
87 0 0 0 86 87 0 
0 0 87 0 87 0 0 
0 0 0 87 0 87 0 
0 0 87 0 0 87 0 
0 87 0 0 87 0 0 
87 87 0 0 0 0 0 
sum of row № 1 = 260 
sum of column № 4 = 260 

81 0 86 81 0 86 87 
87 0 0 0 86 87 0 
0 0 87 86 86 0 0 
0 0 0 87 0 87 0 
0 0 87 0 0 87 0 
0 87 0 0 87 0 0 
87 87 0 0 0 0 0 
sum of row № 2 = 259 
sum of column № 3 = 254 

81 0 86 81 0 86 87 
87 0 0 0 86 87 0 
0 0 87 86 86 0 0 
0 0 86 87 0 87 0 
0 0 87 0 0 87 0 
0 87 0 0 87 0 0 
87 87 0 0 0 0 0 
sum of row № 3 = 260 
sum of column № 2 = 346 

81 0 86 81 0 86 87 
87 0 0 0 86 87 0 
0 0 87 86 86 0 0 
0 0 86 87 0 87 0 
0 86 87 0 86 87 0 
0 87 0 0 87 0 0 
87 87 0 0 0 0 0 
sum of row № 4 = 346 
sum of column № 1 = 260 

81 0 86 81 0 86 87 
87 0 0 0 86 87 0 
0 0 87 86 86 0 0 
0 0 86 87 0 87 0 
0 86 87 0 86 87 0 
86 86 0 0 87 0 0 
87 87 0 0 0 0 0 
sum of row № 5 = 259 
sum of column № 0 = 341 

81 0 85 81 85 86 87 
87 0 0 0 86 87 0 
0 0 87 86 86 0 0 
0 0 86 87 0 87 0 
0 86 87 0 86 87 0 
86 86 0 0 87 0 0 
87 87 0 0 0 0 0 
sum of row № 0 = 505 
sum of column № 4 = 430 

81 0 85 81 85 86 87 
87 0 0 85 85 87 0 
0 0 87 86 86 0 0 
0 0 86 87 0 87 0 
0 86 87 0 86 87 0 
86 86 0 0 87 0 0 
87 87 0 0 0 0 0 
sum of row № 1 = 344 
sum of column № 3 = 339 

81 0 85 81 85 86 87 
87 0 0 85 85 87 0 
0 0 85 86 86 0 0 
0 0 86 87 0 87 0 
0 86 87 0 86 87 0 
86 86 0 0 87 0 0 
87 87 0 0 0 0 0 
sum of row № 2 = 257 
sum of column № 2 = 343 

81 0 85 81 85 86 87 
87 0 0 85 85 87 0 
0 0 85 86 86 0 0 
0 85 86 87 85 87 0 
0 86 87 0 86 87 0 
86 86 0 0 87 0 0 
87 87 0 0 0 0 0 
sum of row № 3 = 430 
sum of column № 1 = 344 

81 0 85 81 85 86 87 
87 0 0 85 85 87 0 
0 0 85 86 86 0 0 
0 85 86 87 85 87 0 
85 86 87 0 86 85 0 
86 86 0 0 87 0 0 
87 87 0 0 0 0 0 
sum of row № 4 = 429 
sum of column № 0 = 426 

84 0 85 84 85 86 87 
87 0 0 85 85 87 0 
0 0 85 86 86 0 0 
0 85 86 87 85 87 0 
85 86 87 0 86 85 0 
86 86 0 0 87 0 0 
87 87 0 0 0 0 0 
sum of row № 0 = 511 
sum of column № 3 = 342 

84 0 85 84 85 86 87 
87 0 84 85 85 84 0 
0 0 85 86 86 0 0 
0 85 86 87 85 87 0 
85 86 87 0 86 85 0 
86 86 0 0 87 0 0 
87 87 0 0 0 0 0 
sum of row № 1 = 425 
sum of column № 2 = 427 

84 0 85 84 85 86 87 
87 0 84 85 85 84 0 
0 84 84 86 86 0 0 
0 85 86 87 85 87 0 
85 86 87 0 86 85 0 
86 86 0 0 87 0 0 
87 87 0 0 0 0 0 
sum of row № 2 = 340 
sum of column № 1 = 428 

84 0 85 84 85 86 87 
87 0 84 85 85 84 0 
0 84 84 86 86 0 0 
84 85 84 87 85 87 0 
85 86 87 0 86 85 0 
86 86 0 0 87 0 0 
87 87 0 0 0 0 0 
sum of row № 3 = 512 
sum of column № 0 = 513 

84 82 85 82 85 86 87 
87 0 84 85 85 84 0 
0 84 84 86 86 0 0 
84 85 84 87 85 87 0 
85 86 87 0 86 85 0 
86 86 0 0 87 0 0 
87 87 0 0 0 0 0 
sum of row № 0 = 591 
sum of column № 1 = 510 

84 82 85 82 85 86 87 
82 0 84 82 85 84 0 
0 84 84 86 86 0 0 
84 85 84 87 85 87 0 
85 86 87 0 86 85 0 
86 86 0 0 87 0 0 
87 87 0 0 0 0 0 
sum of row № 1 = 417 
sum of column № 0 = 508 

84 83 83 82 85 86 87 
82 0 84 82 85 84 0 
0 84 84 86 86 0 0 
84 85 84 87 85 87 0 
85 86 87 0 86 85 0 
86 86 0 0 87 0 0 
87 87 0 0 0 0 0 
sum of row № 0 = 590 
sum of column № 2 = 422 

84 83 83 82 85 86 87 
82 83 83 82 85 84 0 
0 84 84 86 86 0 0 
84 85 84 87 85 87 0 
85 86 87 0 86 85 0 
86 86 0 0 87 0 0 
87 87 0 0 0 0 0 
sum of row № 1 = 499 
sum of column № 1 = 594 

84 83 83 82 85 86 87 
82 83 83 82 85 84 0 
83 83 84 86 86 0 0 
84 85 84 87 85 87 0 
85 86 87 0 86 85 0 
86 86 0 0 87 0 0 
87 87 0 0 0 0 0 
sum of row № 2 = 422 
sum of column № 0 = 591 

84 83 83 82 85 86 87 
82 83 83 82 85 84 0 
83 83 84 86 86 0 0 
84 85 84 87 85 87 0 
85 86 87 0 86 85 0 
86 86 0 0 87 0 0 
87 87 0 0 0 93 93 
sum of row № 6 = 360 
sum of column № 6 = 180 

84 83 83 82 85 86 87 
82 83 83 82 85 84 0 
83 83 84 86 86 0 0 
84 85 84 87 85 87 0 
85 86 87 0 86 85 0 
86 86 0 0 92 0 92 
87 87 0 0 0 93 93 
sum of row № 5 = 356 
sum of column № 6 = 272 

84 83 83 82 85 86 87 
82 83 83 82 85 84 0 
83 83 84 86 86 0 0 
84 85 84 87 85 87 0 
85 86 87 0 86 85 0 
86 86 0 0 92 0 92 
87 87 0 92 0 92 93 
sum of row № 6 = 451 
sum of column № 5 = 434 

84 83 83 82 85 86 87 
82 83 83 82 85 84 0 
83 83 84 86 86 0 0 
84 85 84 87 85 87 0 
85 86 87 0 91 85 91 
86 86 0 0 92 0 92 
87 87 0 92 0 92 93 
sum of row № 4 = 525 
sum of column № 6 = 363 

84 83 83 82 85 86 87 
82 83 83 82 85 84 0 
83 83 84 86 86 0 0 
84 85 84 87 85 87 0 
85 86 87 0 91 85 91 
86 86 0 0 91 91 92 
87 87 0 92 0 92 93 
sum of row № 5 = 446 
sum of column № 5 = 525 

84 83 83 82 85 86 87 
82 83 83 82 85 84 0 
83 83 84 86 86 0 0 
84 85 84 87 85 87 0 
85 86 87 0 91 85 91 
86 86 0 0 91 91 92 
87 87 0 92 91 91 93 
sum of row № 6 = 541 
sum of column № 4 = 614 

84 83 83 82 85 86 87 
82 83 83 82 85 84 0 
83 83 84 86 86 0 0 
90 85 84 87 85 87 90 
85 86 87 0 91 85 91 
86 86 0 0 91 91 92 
87 87 0 92 91 91 93 
sum of row № 3 = 608 
sum of column № 6 = 453 

84 83 83 82 85 86 87 
82 83 83 82 85 84 0 
83 83 84 86 86 0 0 
90 85 84 87 85 87 90 
85 86 87 0 91 90 91 
86 86 0 0 91 91 92 
87 87 0 92 91 91 93 
sum of row № 4 = 530 
sum of column № 5 = 529 

84 83 83 82 85 86 87 
82 83 83 82 85 84 0 
83 83 84 86 86 0 0 
90 85 84 87 85 87 90 
85 86 87 0 91 90 91 
86 86 0 0 90 90 92 
87 87 0 92 91 91 93 
sum of row № 5 = 444 
sum of column № 4 = 613 

84 83 83 82 85 86 87 
82 83 83 82 85 84 0 
83 83 84 86 86 0 0 
90 85 84 87 85 87 90 
85 86 87 0 91 90 91 
86 86 0 0 90 90 92 
87 87 0 90 90 91 93 
sum of row № 6 = 538 
sum of column № 3 = 427 

84 83 83 82 85 86 87 
82 83 83 82 85 84 0 
83 83 84 86 86 89 89 
90 85 84 87 85 87 90 
85 86 87 0 91 90 91 
86 86 0 0 90 90 92 
87 87 0 90 90 91 93 
sum of row № 2 = 600 
sum of column № 6 = 542 

84 83 83 82 85 86 87 
82 83 83 82 85 84 0 
83 83 84 86 86 89 89 
90 85 84 89 85 89 90 
85 86 87 0 91 90 91 
86 86 0 0 90 90 92 
87 87 0 90 90 91 93 
sum of row № 3 = 612 
sum of column № 5 = 619 

84 83 83 82 85 86 87 
82 83 83 82 85 84 0 
83 83 84 86 86 89 89 
90 85 84 89 85 89 90 
85 89 87 0 89 90 91 
86 86 0 0 90 90 92 
87 87 0 90 90 91 93 
sum of row № 4 = 531 
sum of column № 4 = 610 

84 83 83 82 85 86 87 
82 83 83 82 85 84 0 
83 83 84 86 86 89 89 
90 85 84 89 85 89 90 
85 89 87 0 89 90 91 
86 86 0 89 90 90 92 
87 87 0 90 90 91 93 
sum of row № 5 = 533 
sum of column № 3 = 518 

84 83 83 82 85 86 87 
82 83 83 82 85 84 0 
83 83 84 86 86 89 89 
90 85 84 89 85 89 90 
85 89 87 0 89 90 91 
86 86 0 89 90 90 92 
87 87 89 90 89 91 93 
sum of row № 6 = 626 
sum of column № 2 = 510 

84 83 83 82 85 86 87 
88 83 83 82 85 84 88 
83 83 84 86 86 89 89 
90 85 84 89 85 89 90 
85 89 87 0 89 90 91 
86 86 0 89 90 90 92 
87 87 89 90 89 91 93 
sum of row № 1 = 593 
sum of column № 6 = 630 

84 83 83 82 85 86 87 
88 83 83 82 85 84 88 
83 83 84 86 86 88 89 
90 85 84 89 85 89 90 
85 89 87 0 89 90 91 
86 86 0 89 90 90 92 
87 87 89 90 89 91 93 
sum of row № 2 = 599 
sum of column № 5 = 618 

84 83 83 82 85 86 87 
88 83 83 82 85 84 88 
83 83 84 86 86 88 89 
90 85 84 88 88 89 90 
85 89 87 0 89 90 91 
86 86 0 89 90 90 92 
87 87 89 90 89 91 93 
sum of row № 3 = 614 
sum of column № 4 = 612 

84 83 83 82 85 86 87 
88 83 83 82 85 84 88 
83 83 84 86 86 88 89 
90 85 84 88 88 89 90 
85 89 87 88 88 90 91 
86 86 0 89 90 90 92 
87 87 89 90 89 91 93 
sum of row № 4 = 618 
sum of column № 3 = 605 

84 83 83 82 85 86 87 
88 83 83 82 85 84 88 
83 83 84 86 86 88 89 
90 85 84 88 88 89 90 
85 89 87 88 88 90 91 
86 86 88 88 90 90 92 
87 87 89 90 89 91 93 
sum of row № 5 = 620 
sum of column № 2 = 598 

84 83 83 82 85 86 87 
88 83 83 82 85 84 88 
83 83 84 86 86 88 89 
90 85 84 88 88 89 90 
85 89 87 88 88 90 91 
86 86 88 88 90 90 92 
87 88 88 90 89 91 93 
sum of row № 6 = 626 
sum of column № 1 = 597 

